0.0100503 0.999167 -0.03955 -1 -0.0468549 -0.039038 -0.998139 0.00084176 -0.998851 0.0118847 0.0464235 1.66057e-07 0 0 0 1
0.183317 0.982258 -0.03955 -0.984676 -0.0529194 -0.0303132 -0.998139 0.174393 -0.981628 0.185069 0.0464235 3.70212e-07 0 0 0 1
0.35122 0.935457 -0.03955 -0.939389 -0.0573819 -0.0206559 -0.998139 0.342852 -0.934533 0.352836 0.0464235 5.34908e-08 0 0 0 1
0.508248 0.860302 -0.0395499 -0.865627 -0.060096 -0.0103831 -0.998139 0.500689 -0.859112 0.509678 0.0464235 6.2777e-08 0 0 0 1
0.650392 0.758568 -0.0395499 -0.765129 -0.0609859 0.000248414 -0.998139 0.643877 -0.757147 0.651593 0.0464235 1.22398e-07 0 0 0 1
0.772494 0.633789 -0.03955 -0.641384 -0.0600118 0.0108592 -0.998139 0.76722 -0.63218 0.77343 0.0464235 2.27905e-07 0 0 0 1
0.870762 0.490112 -0.03955 -0.498507 -0.0572168 0.021109 -0.998139 0.866886 -0.488365 0.871404 0.0464235 1.62451e-07 0 0 0 1
0.942449 0.332002 -0.03955 -0.340941 -0.0526997 0.0306936 -0.998139 0.940085 -0.330171 0.942779 0.0464235 1.16369e-07 0 0 0 1
0.9858 0.163202 -0.03955 -0.172415 -0.046565 0.0393833 -0.998139 0.985024 -0.16134 0.985806 0.0464235 6.78299e-08 0 0 0 1
0.999174 -0.00934788 -0.03955 0.00013874 -0.0390709 0.0468275 -0.998139 1 0.0111825 0.998859 0.0464235 3.12692e-07 0 0 0 1
0.982507 -0.181976 -0.03955 0.173048 -0.0303854 0.0528779 -0.998139 0.984913 0.183728 0.98188 0.0464235 2.2933e-07 0 0 0 1
0.935896 -0.350049 -0.0395501 0.341676 -0.0207278 0.057356 -0.998139 0.939818 0.351665 0.934974 0.0464236 3.04467e-07 0 0 0 1
0.860151 -0.508503 -0.03955 0.500946 -0.0103654 0.0600991 -0.998139 0.865479 0.509933 0.85896 0.0464235 1.93524e-07 0 0 0 1
0.759284 -0.649557 -0.03955 0.643035 0.000181212 0.0609862 -0.998139 0.765837 0.65076 0.757863 0.0464235 2.70365e-07 0 0 0 1
0.635646 -0.770967 -0.0395498 0.765675 0.0107149 0.0600377 -0.998139 0.643228 0.771906 0.634039 0.0464235 1.72305e-07 0 0 0 1
0.491958 -0.86972 -0.03955 0.865827 0.0209876 0.0572614 -0.998139 0.500345 0.870366 0.490213 0.0464235 2.03804e-07 0 0 0 1
0.333086 -0.942067 -0.0395501 0.939692 0.0306329 0.052735 -0.998139 0.342022 0.942399 0.331254 0.0464235 -1.48174e-07 0 0 0 1
0.164319 -0.985614 -0.03955 0.984828 0.0393305 0.0466097 -0.998139 0.173532 0.985623 0.162457 0.0464235 1.79929e-07 0 0 0 1
-0.00978959 -0.99917 -0.03955 1 0.0468447 0.0390502 -0.998139 -0.000580819 0.998854 -0.0116241 0.0464235 -6.78013e-08 0 0 0 1
-0.183306 -0.98226 -0.03955 0.984678 0.052919 0.0303138 -0.998139 -0.174381 0.981631 -0.185057 0.0464235 2.60354e-07 0 0 0 1
-0.351058 -0.935518 -0.0395501 0.939449 0.0573783 0.0206659 -0.998139 -0.342689 0.934594 -0.352674 0.0464236 3.45087e-07 0 0 0 1
-0.508142 -0.860365 -0.0395499 0.865689 0.0600947 0.0103906 -0.998139 -0.500582 0.859174 -0.509573 0.0464235 9.56293e-08 0 0 0 1
-0.649912 -0.758979 -0.0395499 0.765536 0.060986 -0.000209864 -0.998139 -0.643393 0.757558 -0.651115 0.0464235 6.83497e-08 0 0 0 1
-0.771978 -0.634417 -0.03955 0.642008 0.0600207 -0.0108104 -0.998139 -0.766698 0.632809 -0.772915 0.0464235 1.95398e-07 0 0 0 1
-0.870516 -0.490548 -0.03955 0.498941 0.0572274 -0.0210803 -0.998139 -0.866636 0.488802 -0.871159 0.0464235 5.8744e-08 0 0 0 1
-0.942693 -0.331308 -0.03955 0.340248 0.052677 -0.0307324 -0.998139 -0.940336 0.329476 -0.943022 0.0464235 5.06031e-08 0 0 0 1
-0.98594 -0.162354 -0.03955 0.171569 0.0465312 -0.0394233 -0.998139 -0.985173 0.160493 -0.985945 0.0464236 3.33911e-07 0 0 0 1
-0.999156 0.0110615 -0.03955 -0.00185374 0.0389905 -0.0468944 -0.998139 -0.999998 -0.0128955 -0.998839 0.0464235 1.67024e-07 0 0 0 1
-0.861613 0.506022 -0.03955 -0.49845 0.0105385 -0.060069 -0.998139 -0.866919 -0.507456 -0.860426 0.0464235 1.32659e-07 0 0 0 1
-0.638311 0.768762 -0.0395501 -0.763444 -0.0105068 -0.0600746 -0.998139 -0.645875 -0.769707 -0.636707 0.0464235 3.12948e-07 0 0 0 1
-0.495624 0.867637 -0.0395499 -0.863708 -0.0207458 -0.0573494 -0.998139 -0.503993 -0.86829 -0.49388 0.0464235 2.82046e-07 0 0 0 1
-0.338768 0.940038 -0.0395501 -0.937609 -0.0303139 -0.052919 -0.998139 -0.34769 -0.940381 -0.336939 0.0464235 -4.84575e-08 0 0 0 1
0.183317 0.982258 -0.03955 -0.984676 -0.0529194 -0.0303132 -0.998139 0.174393 -0.981628 0.185069 0.0464235 3.70212e-07 0 0 0 1
