3.992357e+00 3.941768e+01 -7.632899e-01 3.959176e+00 -1.443023e+01 -9.414416e-01 -2.745097e+01 -1.442943e+01 1.224924e-02 -1.457460e-04 -5.693071e-04 1.224936e-02
1.077325e+01 3.812649e+01 -7.632899e-01 3.959176e+00 -1.437462e+01 1.577414e+00 -2.745097e+01 -1.442943e+01 1.203803e-02 -2.269560e-03 -5.693071e-04 1.224936e-02
1.723477e+01 3.567429e+01 -7.632899e-01 3.959176e+00 -1.388180e+01 4.051364e+00 -2.745097e+01 -1.442943e+01 1.146049e-02 -4.326939e-03 -5.693071e-04 1.224936e-02
2.316485e+01 3.214160e+01 -7.632899e-01 3.959176e+00 -1.296796e+01 6.399208e+00 -2.745097e+01 -1.442943e+01 1.053557e-02 -6.250356e-03 -5.693071e-04 1.224936e-02
2.841157e+01 2.761295e+01 -7.632899e-01 3.959176e+00 -1.165437e+01 8.561162e+00 -2.745097e+01 -1.442943e+01 9.285137e-03 -7.990705e-03 -5.693071e-04 1.224936e-02
3.278396e+01 2.224645e+01 -7.632899e-01 3.959176e+00 -9.986415e+00 1.045894e+01 -2.745097e+01 -1.442943e+01 7.752630e-03 -9.484822e-03 -5.693071e-04 1.224936e-02
3.614721e+01 1.621948e+01 -7.632899e-01 3.959176e+00 -8.019818e+00 1.203330e+01 -2.745097e+01 -1.442943e+01 5.988978e-03 -1.068631e-02 -5.693071e-04 1.224936e-02
3.840895e+01 9.718292e+00 -7.632899e-01 3.959176e+00 -5.816042e+00 1.323977e+01 -2.745097e+01 -1.442943e+01 4.048990e-03 -1.156161e-02 -5.693071e-04 1.224936e-02
3.951329e+01 2.896904e+00 -7.632899e-01 3.959176e+00 -3.427162e+00 1.404893e+01 -2.745097e+01 -1.442943e+01 1.978570e-03 -1.208927e-02 -5.693071e-04 1.224936e-02
3.942048e+01 -3.964645e+00 -7.632899e-01 3.959176e+00 -9.515858e-01 1.442957e+01 -2.745097e+01 -1.442943e+01 -1.371348e-04 -1.224934e-02 -5.693071e-04 1.224936e-02
3.814117e+01 -1.072118e+01 -7.632899e-01 3.959176e+00 1.557786e+00 1.437676e+01 -2.745097e+01 -1.442943e+01 -2.253121e-03 -1.204112e-02 -5.693071e-04 1.224936e-02
3.569584e+01 -1.719010e+01 -7.632899e-01 3.959176e+00 4.033982e+00 1.388686e+01 -2.745097e+01 -1.442943e+01 -4.312588e-03 -1.146589e-02 -5.693071e-04 1.224936e-02
3.213473e+01 -2.317438e+01 -7.632899e-01 3.959176e+00 6.403054e+00 1.296606e+01 -2.745097e+01 -1.442943e+01 -6.253481e-03 -1.053371e-02 -5.693071e-04 1.224936e-02
2.764420e+01 -2.838116e+01 -7.632899e-01 3.959176e+00 8.548330e+00 1.166379e+01 -2.745097e+01 -1.442943e+01 -7.980481e-03 -9.293925e-03 -5.693071e-04 1.224936e-02
2.232527e+01 -3.273033e+01 -7.632899e-01 3.959176e+00 1.043488e+01 1.001155e+01 -2.745097e+01 -1.442943e+01 -9.466139e-03 -7.775432e-03 -5.693071e-04 1.224936e-02
1.629614e+01 -3.611272e+01 -7.632899e-01 3.959176e+00 1.201626e+01 8.045331e+00 -2.745097e+01 -1.442943e+01 -1.067358e-02 -6.011638e-03 -5.693071e-04 1.224936e-02
9.762451e+00 -3.839775e+01 -7.632899e-01 3.959176e+00 1.323307e+01 5.831262e+00 -2.745097e+01 -1.442943e+01 -1.155695e-02 -4.062282e-03 -5.693071e-04 1.224936e-02
2.941685e+00 -3.950999e+01 -7.632899e-01 3.959176e+00 1.404504e+01 3.443083e+00 -2.745097e+01 -1.442943e+01 -1.208702e-02 -1.992270e-03 -5.693071e-04 1.224936e-02
-3.982072e+00 -3.941872e+01 -7.632899e-01 3.959176e+00 1.442998e+01 9.452067e-01 -2.745097e+01 -1.442943e+01 -1.224928e-02 1.425499e-04 -5.693071e-04 1.224936e-02
-1.077280e+01 -3.812662e+01 -7.632899e-01 3.959176e+00 1.437464e+01 -1.577246e+00 -2.745097e+01 -1.442943e+01 -1.203806e-02 2.269419e-03 -5.693071e-04 1.224936e-02
-1.722860e+01 -3.567727e+01 -7.632899e-01 3.959176e+00 1.388250e+01 -4.048962e+00 -2.745097e+01 -1.442943e+01 -1.146123e-02 4.324956e-03 -5.693071e-04 1.224936e-02
-2.316088e+01 -3.214446e+01 -7.632899e-01 3.959176e+00 1.296875e+01 -6.397608e+00 -2.745097e+01 -1.442943e+01 -1.053634e-02 6.249056e-03 -5.693071e-04 1.224936e-02
-2.839410e+01 -2.763091e+01 -7.632899e-01 3.959176e+00 1.165978e+01 -8.553790e+00 -2.745097e+01 -1.442943e+01 -9.290188e-03 7.984832e-03 -5.693071e-04 1.224936e-02
-3.276585e+01 -2.227311e+01 -7.632899e-01 3.959176e+00 9.994922e+00 -1.045081e+01 -2.745097e+01 -1.442943e+01 -7.760345e-03 9.478511e-03 -5.693071e-04 1.224936e-02
-3.613907e+01 -1.623761e+01 -7.632899e-01 3.959176e+00 8.025851e+00 -1.202928e+01 -2.745097e+01 -1.442943e+01 -5.994336e-03 1.068331e-02 -5.693071e-04 1.224936e-02
-3.841610e+01 -9.689990e+00 -7.632899e-01 3.959176e+00 5.806285e+00 -1.324405e+01 -2.745097e+01 -1.442943e+01 -4.040471e-03 1.156459e-02 -5.693071e-04 1.224936e-02
-3.951577e+01 -2.862937e+00 -7.632899e-01 3.959176e+00 3.415085e+00 -1.405187e+01 -2.745097e+01 -1.442943e+01 -1.968177e-03 1.209096e-02 -5.693071e-04 1.224936e-02
-3.941362e+01 4.032246e+00 -7.632899e-01 3.959176e+00 9.268374e-01 -1.443118e+01 -2.745097e+01 -1.442943e+01 1.581424e-04 1.224909e-02 -5.693071e-04 1.224936e-02
-3.812411e+01 1.078167e+01 -7.632899e-01 3.959176e+00 -1.580588e+00 -1.437427e+01 -2.745097e+01 -1.442943e+01 2.272218e-03 1.203753e-02 -5.693071e-04 1.224936e-02
-3.568647e+01 1.720955e+01 -7.632899e-01 3.959176e+00 -4.041551e+00 -1.388466e+01 -2.745097e+01 -1.442943e+01 4.318837e-03 1.146354e-02 -5.693071e-04 1.224936e-02
-3.220137e+01 2.308168e+01 -7.632899e-01 3.959176e+00 -6.365664e+00 -1.298446e+01 -2.745097e+01 -1.442943e+01 6.223101e-03 1.055169e-02 -5.693071e-04 1.224936e-02
-2.774051e+01 2.828704e+01 -7.632899e-01 3.959176e+00 -8.508635e+00 -1.169278e+01 -2.745097e+01 -1.442943e+01 7.948845e-03 9.320998e-03 -5.693071e-04 1.224936e-02
-2.243843e+01 3.265286e+01 -7.632899e-01 3.959176e+00 -1.040016e+01 -1.004762e+01 -2.745097e+01 -1.442943e+01 9.439167e-03 7.808153e-03 -5.693071e-04 1.224936e-02
-1.644836e+01 3.604364e+01 -7.632899e-01 3.959176e+00 -1.198221e+01 -8.095959e+00 -2.745097e+01 -1.442943e+01 1.064812e-02 6.056618e-03 -5.693071e-04 1.224936e-02
-9.994136e+00 3.833810e+01 -7.632899e-01 3.959176e+00 -1.319762e+01 -5.911063e+00 -2.745097e+01 -1.442943e+01 1.153221e-02 4.131994e-03 -5.693071e-04 1.224936e-02
-3.227174e+00 3.948769e+01 -7.632899e-01 3.959176e+00 -1.401978e+01 -3.544506e+00 -2.745097e+01 -1.442943e+01 1.207230e-02 2.079579e-03 -5.693071e-04 1.224936e-02
