295.987 6649.16 -772.732 -183456 2410.08 -661.301 -6239.11 2.4471e+06 -0.843767 0.128734 -0.521041 2930.42
4903.69 4501.63 -765.011 -956029 1250.22 -2169.19 -6237.3 3.4919e+06 -0.506097 0.686734 -0.521787 2572.7
6652.63 -268.954 -752.481 400555 -632.467 -2422.38 -6237.34 4.27783e+06 0.126711 0.84351 -0.521953 2277.59
4522.17 -4888.5 -740.712 3.09942e+06 -2149.95 -1276.22 -6238.7 4.35129e+06 0.685991 0.507253 -0.521643 2217.63
-256.56 -6655.5 -731.145 5.5653e+06 -2411.44 608 -6244.01 3.66092e+06 0.844718 -0.127028 -0.519919 2425.37
-4878.99 -4533.23 -735.79 6.35033e+06 -1261.5 2121.49 -6251.42 2.61144e+06 0.509881 -0.687361 -0.517259 2777.85
-6653.25 228.098 -760.454 5.00522e+06 625.43 2387.42 -6251.51 1.8177e+06 -0.121606 -0.847379 -0.516877 3072.13
-4550.96 4856.39 -774.826 2.31793e+06 2145.47 1248.23 -6245.9 1.74573e+06 -0.682677 -0.514751 -0.518636 3138.93
-2293.26 6261.17 -418.36 954773 2314.1 583.138 -6243.18 1.93984e+06 -0.850415 -0.190181 -0.490535 3255.49
2799.3 6052.32 -411.916 -800159 2063.39 -1220.98 -6238.92 2.78141e+06 -0.735333 0.466006 -0.49206 2938.56
6254.78 2313.23 -403.743 -492215 609.732 -2323.89 -6237 3.76505e+06 -0.191508 0.848856 -0.492716 2580.37
6064.55 -2775.54 -392.306 1.70031e+06 -1199.89 -2084.87 -6235.87 4.32197e+06 0.463987 0.735934 -0.493069 2392.26
2329.31 -6250.44 -377.677 4.50221e+06 -2312.47 -637.797 -6238.44 4.12317e+06 0.849162 0.191844 -0.492057 2481.84
-2766.05 -6070.21 -371.301 6.26891e+06 -2073.26 1169.24 -6245.56 3.28205e+06 0.737646 -0.465112 -0.489437 2794.87
-6242.28 -2349.47 -387.734 5.97205e+06 -622.62 2279.07 -6252.25 2.29224e+06 0.196039 -0.85107 -0.487081 3149.14
-6081.23 2736.11 -410.789 3.7944e+06 1187.03 2049.37 -6250.08 1.73504e+06 -0.459552 -0.74208 -0.487985 3342.22
6549.78 -227.473 -1232.13 721528 -921.084 -4359.11 -4941.44 5.42404e+06 0.041545 0.639226 -0.767896 2802.18
4482.12 -4784.14 -1221.56 3.37186e+06 -3726.1 -2448.83 -4938.37 5.64564e+06 0.480695 0.42232 -0.768491 2736.6
-207.039 -6556.11 -1201.71 5.8077e+06 -4360.27 884.748 -4947.05 4.48619e+06 0.639604 -0.0431614 -0.767492 2874.25
-4774.71 -4497.87 -1200.35 6.599e+06 -2446.23 3689.52 -4967.04 2.62168e+06 0.424443 -0.48505 -0.764574 3133.67
-6551.68 180.776 -1229.8 5.28873e+06 893.144 4328.49 -4973.39 1.1458e+06 -0.0382851 -0.644994 -0.763228 3365.92
-4508.38 4750.94 -1254.07 2.647e+06 3713.12 2436.19 -4954.37 919034 -0.478252 -0.430126 -0.765681 3438.33
171.916 6548.88 -1245.87 206392 4363.22 -894.93 -4942.62 2.0743e+06 -0.640083 0.0346096 -0.767526 3304.25
4749.23 4517.06 -1229.04 -602919 2469.63 -3709.08 -4940.82 3.93111e+06 -0.426896 0.477378 -0.76803 3040.72

